0.05 0.45 0.05
0.05 0.45 0.14
0.05 0.45 0.22999999
0.05 0.45 0.32
0.05 0.45 0.41
0.05 0.45 0.5
0.05 0.45 0.59
0.05 0.45 0.68
0.05 0.45 0.77
0.05 0.45 0.85999995
0.05 0.45 0.95
0.14 0.45 0.05
0.14 0.45 0.14
0.14 0.45 0.22999999
0.14 0.45 0.32
0.14 0.45 0.41
0.14 0.45 0.5
0.14 0.45 0.59
0.14 0.45 0.68
0.14 0.45 0.77
0.14 0.45 0.85999995
0.14 0.45 0.95
0.22999999 0.45 0.05
0.22999999 0.45 0.14
0.22999999 0.45 0.22999999
0.22999999 0.45 0.32
0.22999999 0.45 0.41
0.22999999 0.45 0.5
0.22999999 0.45 0.59
0.22999999 0.45 0.68
0.22999999 0.45 0.77
0.22999999 0.45 0.85999995
0.22999999 0.45 0.95
0.32 0.45 0.05
0.32 0.45 0.14
0.32 0.45 0.22999999
0.32 0.45 0.32
0.32 0.45 0.41
0.32 0.45 0.5
0.32 0.45 0.59
0.32 0.45 0.68
0.32 0.45 0.77
0.32 0.45 0.85999995
0.32 0.45 0.95
0.41 0.45 0.05
0.41 0.45 0.14
0.41 0.45 0.22999999
0.41 0.45 0.32
0.41 0.45 0.41
0.41 0.45 0.5
0.41 0.45 0.59
0.41 0.45 0.68
0.41 0.45 0.77
0.41 0.45 0.85999995
0.41 0.45 0.95
0.5 0.45 0.05
0.5 0.45 0.14
0.5 0.45 0.22999999
0.5 0.45 0.32
0.5 0.45 0.41
0.5 0.45 0.5
0.5 0.45 0.59
0.5 0.45 0.68
0.5 0.45 0.77
0.5 0.45 0.85999995
0.5 0.45 0.95
0.59 0.45 0.05
0.59 0.45 0.14
0.59 0.45 0.22999999
0.59 0.45 0.32
0.59 0.45 0.41
0.59 0.45 0.5
0.59 0.45 0.59
0.59 0.45 0.68
0.59 0.45 0.77
0.59 0.45 0.85999995
0.59 0.45 0.95
0.68 0.45 0.05
0.68 0.45 0.14
0.68 0.45 0.22999999
0.68 0.45 0.32
0.68 0.45 0.41
0.68 0.45 0.5
0.68 0.45 0.59
0.68 0.45 0.68
0.68 0.45 0.77
0.68 0.45 0.85999995
0.68 0.45 0.95
0.77 0.45 0.05
0.77 0.45 0.14
0.77 0.45 0.22999999
0.77 0.45 0.32
0.77 0.45 0.41
0.77 0.45 0.5
0.77 0.45 0.59
0.77 0.45 0.68
0.77 0.45 0.77
0.77 0.45 0.85999995
0.77 0.45 0.95
0.85999995 0.45 0.05
0.85999995 0.45 0.14
0.85999995 0.45 0.22999999
0.85999995 0.45 0.32
0.85999995 0.45 0.41
0.85999995 0.45 0.5
0.85999995 0.45 0.59
0.85999995 0.45 0.68
0.85999995 0.45 0.77
0.85999995 0.45 0.85999995
0.85999995 0.45 0.95
0.95 0.45 0.05
0.95 0.45 0.14
0.95 0.45 0.22999999
0.95 0.45 0.32
0.95 0.45 0.41
0.95 0.45 0.5
0.95 0.45 0.59
0.95 0.45 0.68
0.95 0.45 0.77
0.95 0.45 0.85999995
0.95 0.45 0.95
